list(N = structure(c(6L, 8L, 2L, 0L, 5L, 2L, 1L, 14L, 2L, 5L, 
2L, 9L, 0L, 3L, 5L, 3L, 2L, 0L, 3L, 1L, 26L, 5L, 2L, 0L, 2L, 
2L, 0L, 15L, 9L, 0L, 3L, 0L, 1L, 0L, 3L, 0L, 6L, 3L, 0L, 1L, 
1L, 4L, 10L, 5L, 11L, 1L, 0L, 1L, 1L, 3L, 9L, 2L, 6L, 0L, 6L, 
1L, 0L, 3L, 2L, 1L, 10L, 8L, 1L, 0L, 3L, 4L, 0L, 16L, 2L, 7L, 
2L, 7L, 0L, 2L, 1L, 1L, 2L, 1L, 1L, 0L, 103L, 23L, 3L, 1L, 2L, 
0L, 1L, 11L, 7L, 1L, 4L, 3L, 1L, 0L, 1L, 2L, 2L, 10L, 0L, 5L, 
4L, 5L, 4L, 2L, 6L, 2L, 0L, 1L, 2L, 1L, 23L, 2L, 1L, 0L, 2L, 
0L, 0L, 5L, 0L, 0L, 2L, 1L, 1L, 0L, 3L, 3L, 3L, 4L, 0L, 4L, 9L, 
5L, 9L, 2L, 3L, 0L, 1L, 1L, 0L, 1L, 11L, 1L, 2L, 0L, 4L, 3L, 
0L, 7L, 0L, 0L, 5L, 1L, 0L, 0L, 2L, 3L, 1L, 5L, 0L, 2L, 6L, 12L, 
7L, 0L, 1L, 1L, 3L, 0L, 1L, 1L, 8L, 0L, 3L, 0L, 6L, 4L, 0L, 6L, 
4L, 0L, 7L, 4L, 3L, 1L, 5L, 4L, 2L, 9L, 0L, 5L, 3L, 7L, 6L, 4L, 
1L, 1L, 2L, 0L, 0L, 0L, 13L, 3L, 3L, 0L, 1L, 0L, 1L, 9L, 3L, 
0L, 5L, 2L, 1L, 0L, 7L, 3L, 0L, 6L, 1L, 3L, 4L, 11L, 4L, 0L, 
5L, 1L, 1L, 2L, 0L, 0L, 16L, 2L, 2L, 0L, 5L, 1L, 1L, 7L, 4L, 
1L, 4L, 4L, 0L, 0L, 10L, 1L, 1L, 11L, 0L, 9L, 5L, 2L, 0L, 4L, 
4L, 2L, 2L, 0L, 2L, 1L, 27L, 7L, 0L, 0L, 5L, 1L, 1L, 13L, 0L, 
1L, 3L, 4L, 0L, 0L, 5L, 2L, 1L, 4L, 1L, 2L, 4L, 10L, 4L, 7L, 
3L, 3L, 1L, 0L, 1L, 3L, 13L, 1L, 2L, 0L, 4L, 0L, 1L, 4L, 2L, 
0L, 11L, 5L, 0L, 0L, 5L, 5L, 1L, 8L, 1L, 3L, 2L, 6L, 0L, 3L, 
3L, 2L, 3L, 0L, 0L, 0L, 33L, 5L, 2L, 1L, 3L, 1L, 0L, 19L, 4L, 
1L, 5L, 2L, 6L, 0L, 4L, 2L, 2L, 7L, 0L, 3L, 8L, 5L, 2L, 0L, 5L, 
0L, 3L, 0L, 1L, 1L, 8L, 0L, 7L, 0L, 4L, 0L, 0L, 8L, 3L, 0L, 2L, 
4L, 2L, 1L, 4L, 3L, 0L, 9L, 0L, 6L, 9L, 2L, 2L, 0L, 4L, 0L, 3L, 
2L, 2L, 0L, 29L, 5L, 1L, 0L, 1L, 1L, 0L, 11L, 3L, 1L, 5L, 0L, 
3L, 0L, 4L, 4L, 3L, 3L, 0L, 5L, 6L, 8L, 21L, 1L, 7L, 0L, 1L, 
0L, 1L, 3L, 5L, 0L, 9L, 0L, 1L, 3L, 0L, 8L, 2L, 0L, 12L, 7L, 
0L, 1L, 4L, 1L, 1L, 9L, 1L, 3L, 3L, 7L, 2L, 0L, 3L, 2L, 0L, 0L, 
1L, 1L, 55L, 9L, 1L, 1L, 3L, 2L, 1L, 16L, 6L, 1L, 5L, 0L, 0L, 
0L, 2L, 5L, 2L, 8L, 2L, 3L, 5L, 3L, 2L, 1L, 1L, 3L, 0L, 3L, 0L, 
1L, 15L, 5L, 1L, 1L, 0L, 1L, 0L, 11L, 0L, 0L, 3L, 2L, 2L, 0L, 
2L, 4L, 3L, 4L, 0L, 4L, 7L, 7L, 4L, 1L, 6L, 0L, 1L, 2L, 2L, 0L, 
7L, 1L, 4L, 0L, 2L, 2L, 0L, 11L, 1L, 1L, 1L, 2L, 2L, 1L, 5L, 
2L, 9L, 1L, 0L, 4L, 7L, 5L, 15L, 3L, 8L, 0L, 0L, 0L, 1L, 7L, 
4L, 1L, 2L, 0L, 3L, 1L, 1L, 7L, 0L, 1L, 11L, 3L, 2L, 0L, 3L, 
3L, 1L, 11L, 3L, 6L, 2L, 5L, 1L, 1L, 0L, 3L, 2L, 0L, 2L, 1L, 
31L, 4L, 2L, 1L, 2L, 1L, 2L, 8L, 7L, 0L, 15L, 5L, 0L, 1L, 4L, 
3L, 0L, 14L, 2L, 3L, 5L, 2L, 2L, 3L, 0L, 1L, 2L, 1L, 0L, 1L, 
36L, 9L, 3L, 0L, 0L, 1L, 0L, 7L, 6L, 0L, 4L, 1L, 2L, 0L, 3L, 
3L, 1L, 5L, 1L, 5L, 6L, 9L, 4L, 4L, 8L, 0L, 0L, 1L, 0L, 0L, 10L, 
4L, 1L, 0L, 2L, 1L, 1L, 4L, 2L, 0L, 3L, 1L, 0L, 0L, 5L, 2L, 0L, 
8L, 0L, 3L, 4L, 9L, 7L, 2L, 6L, 1L, 0L, 1L, 1L, 0L, 11L, 0L, 
6L, 1L, 0L, 1L, 0L, 12L, 1L, 3L, 7L, 1L, 1L, 1L, 4L, 4L, 2L, 
5L, 0L, 3L, 6L, 6L, 4L, 1L, 3L, 1L, 4L, 1L, 1L, 3L, 17L, 3L, 
5L, 0L, 2L, 1L, 0L, 10L, 1L, 0L, 3L, 0L, 1L, 0L, 6L, 3L, 6L, 
2L, 0L, 1L, 10L, 13L, 40L, 1L, 9L, 0L, 0L, 1L, 0L, 1L, 1L, 0L, 
7L, 0L, 3L, 2L, 0L, 8L, 1L, 1L, 3L, 0L, 0L, 1L, 0L, 2L, 2L, 1L, 
0L, 2L, 5L, 5L, 12L, 1L, 4L, 0L, 1L, 0L, 1L, 3L, 8L, 0L, 4L, 
0L, 4L, 1L, 0L, 9L, 1L, 1L, 2L, 1L, 0L, 0L, 5L, 2L, 9L, 1L, 0L, 
8L, 8L, 12L, 53L, 0L, 12L, 2L, 1L, 0L, 1L, 3L, 0L, 0L, 8L, 0L, 
5L, 2L, 1L, 1L, 1L, 1L, 7L, 4L, 2L, 0L, 1L, 2L, 1L, 6L, 0L, 6L, 
1L, 2L, 1L, 4L, 0L, 1L, 3L, 0L, 0L, 1L, 34L, 10L, 3L, 1L, 4L, 
2L, 0L, 13L, 1L, 0L, 4L, 1L, 2L, 0L, 8L, 2L, 1L, 2L, 1L, 4L, 
5L, 9L, 1L, 0L, 5L, 3L, 2L, 0L, 2L, 0L, 13L, 2L, 3L, 1L, 5L, 
2L, 0L, 12L, 3L, 0L, 5L, 0L, 1L, 0L, 5L, 1L, 1L, 11L, 0L, 3L, 
5L, 6L, 6L, 3L, 1L, 0L, 0L, 2L, 0L, 2L, 19L, 7L, 5L, 1L, 5L, 
1L, 0L, 8L, 1L, 1L, 9L, 2L, 1L, 1L, 4L, 4L, 4L, 5L, 2L, 4L, 9L, 
7L, 0L, 3L, 2L, 0L, 0L, 0L, 0L, 2L, 29L, 3L, 2L, 0L, 5L, 1L, 
0L, 9L, 5L, 0L, 0L, 0L, 2L, 0L, 4L, 1L, 3L, 3L, 0L, 4L, 10L, 
10L, 13L, 3L, 5L, 2L, 0L, 0L, 2L, 5L, 3L, 0L, 5L, 0L, 3L, 2L, 
0L, 6L, 0L, 2L, 11L, 5L, 0L, 0L, 5L, 3L, 1L, 14L, 0L, 5L, 7L, 
8L, 3L, 1L, 1L, 2L, 1L, 0L, 2L, 1L, 26L, 7L, 4L, 0L, 1L, 1L, 
0L, 9L, 3L, 0L, 5L, 3L, 0L, 0L, 4L, 2L, 2L, 12L, 0L, 3L, 2L, 
6L, 2L, 2L, 8L, 0L, 4L, 2L, 4L, 0L, 16L, 4L, 4L, 1L, 3L, 2L, 
1L, 10L, 4L, 0L, 4L, 2L, 0L, 0L, 7L, 4L, 2L, 6L, 0L, 3L, 3L, 
10L, 3L, 2L, 1L, 1L, 4L, 3L, 0L, 1L, 23L, 4L, 1L, 0L, 2L, 0L, 
0L, 8L, 1L, 1L, 1L, 1L, 0L, 0L, 1L, 3L, 3L, 1L, 0L, 5L, 6L, 8L, 
16L, 0L, 10L, 1L, 1L, 0L, 1L, 4L, 3L, 0L, 3L, 0L, 1L, 2L, 0L, 
8L, 1L, 1L, 10L, 3L, 1L, 1L, 2L, 2L, 0L, 7L, 1L, 1L, 5L, 9L, 
2L, 1L, 3L, 1L, 2L, 3L, 0L, 1L, 14L, 3L, 2L, 1L, 3L, 1L, 0L, 
12L, 2L, 0L, 8L, 2L, 1L, 1L, 4L, 4L, 1L, 17L, 0L, 5L, 4L, 2L, 
0L, 3L, 6L, 3L, 0L, 0L, 2L, 1L, 62L, 11L, 4L, 0L, 4L, 1L, 1L, 
12L, 3L, 0L, 21L, 2L, 0L, 1L, 3L, 4L, 0L, 17L, 0L, 2L, 1L, 5L, 
1L, 2L, 3L, 1L, 0L, 1L, 2L, 0L, 71L, 11L, 5L, 0L, 4L, 0L, 0L, 
14L, 5L, 0L, 5L, 0L, 1L, 0L, 5L, 5L, 1L, 4L, 0L, 4L, 3L, 8L, 
2L, 0L, 4L, 1L, 0L, 1L, 1L, 3L, 9L, 4L, 3L, 0L, 1L, 5L, 0L, 10L, 
3L, 2L, 7L, 3L, 3L, 0L, 3L, 4L, 0L, 12L, 0L, 3L, 2L, 5L, 2L, 
0L, 3L, 0L, 3L, 4L, 0L, 0L, 19L, 3L, 9L, 0L, 5L, 2L, 1L, 17L, 
1L, 1L, 13L, 1L, 0L, 0L, 5L, 3L, 0L, 6L, 3L, 6L, 3L, 9L, 2L, 
3L, 4L, 2L, 3L, 0L, 2L, 1L, 20L, 7L, 5L, 0L, 6L, 0L, 1L, 5L, 
2L, 1L, 2L, 2L, 0L, 0L, 6L, 4L, 8L, 0L, 0L, 6L, 9L, 8L, 32L, 
3L, 7L, 0L, 0L, 0L, 3L, 4L, 0L, 0L, 4L, 0L, 3L, 3L, 0L, 3L, 1L, 
2L, 6L, 1L, 2L, 0L, 7L, 3L, 1L, 12L, 1L, 3L, 1L, 0L, 1L, 4L, 
2L, 2L, 0L, 1L, 2L, 1L, 26L, 4L, 4L, 1L, 2L, 0L, 0L, 8L, 6L, 
0L, 4L, 1L, 1L, 0L, 0L, 3L, 0L, 5L, 2L, 3L, 4L, 12L, 8L, 2L, 
1L, 2L, 1L, 0L, 2L, 2L, 10L, 4L, 1L, 0L, 2L, 1L, 0L, 9L, 2L, 
2L, 0L, 0L, 0L, 0L, 5L, 1L, 2L, 1L, 0L, 5L, 5L, 5L, 13L, 2L, 
5L, 3L, 3L, 0L, 2L, 4L, 9L, 1L, 3L, 1L, 4L, 0L, 0L, 8L, 1L, 0L, 
5L, 2L, 0L, 0L, 1L, 1L, 1L, 6L, 0L, 5L, 7L, 8L, 10L, 3L, 10L, 
0L, 2L, 0L, 1L, 1L, 7L, 3L, 5L, 0L, 3L, 2L, 0L, 9L, 2L, 0L, 20L, 
5L, 1L, 0L, 3L, 3L, 1L, 23L, 3L, 5L, 1L, 5L, 1L, 1L, 3L, 4L, 
5L, 1L, 3L, 0L, 110L, 20L, 2L, 0L, 4L, 0L, 1L, 11L, 12L, 1L, 
6L, 3L, 0L, 0L, 1L, 2L, 1L, 13L, 0L, 7L, 8L, 11L, 0L, 1L, 4L, 
1L, 4L, 2L, 2L, 3L, 37L, 5L, 1L, 1L, 5L, 3L, 0L, 10L, 5L, 2L, 
5L, 2L, 0L, 0L, 5L, 0L, 2L, 2L, 2L, 2L, 4L, 9L, 13L, 2L, 3L, 
0L, 3L, 2L, 1L, 2L, 7L, 1L, 3L, 1L, 6L, 0L, 1L, 5L, 2L, 0L, 5L, 
1L, 0L, 0L, 6L, 1L, 4L, 4L, 0L, 5L, 10L, 15L, 17L, 0L, 6L, 1L, 
0L, 0L, 2L, 1L, 4L, 1L, 4L, 0L, 4L, 2L, 0L, 9L, 0L, 1L), .Dim = c(30L, 
50L)),